2018-05-12 01:10:00,10565.5,10570.0,10558.15,10564.9,10564.9,0,None
2018-05-12 01:15:00,10564.0,10566.9,10556.1,10566.9,10566.9,0,None
2018-05-12 01:20:00,10566.55,10569.8,10561.15,10567.0,10567.0,0,None
2018-05-12 01:25:00,10567.0,10567.45,10562.2,10562.6,10562.6,0,None
2018-05-12 01:30:00,10563.0,10563.0,10556.0,10558.0,10558.0,0,10560.26
2018-05-12 01:35:00,10558.0,10558.85,10548.2,10550.0,10549.05,0,10551.77
2018-05-12 01:40:00,10549.0,10556.3,10544.35,10555.45,10549.0,9.45,10551.71
2018-05-12 01:45:00,10555.45,10563.05,10554.45,10561.0,10549.42,9.33,10556.26
2018-05-12 01:50:00,10561.0,10565.05,10557.1,10565.05,10553.24,9.13,10562.92
2018-05-12 01:55:00,10565.05,10567.0,10561.9,10561.9,10557.34,8.55,10565.36
2018-05-12 02:00:00,10561.9,10565.0,10558.5,10561.45,10557.34,8.26,10563.55
2018-05-12 02:05:00,10561.45,10570.5,10558.95,10570.0,10557.34,8.73,10566.76
2018-05-12 02:10:00,10569.7,10571.55,10565.0,10566.55,10562.88,8.42,10567.21
2018-05-12 02:15:00,10566.55,10568.9,10566.4,10566.4,10562.88,7.57,10568.08
2018-05-12 02:20:00,10566.4,10567.0,10560.0,10560.35,10562.88,7.49,10563.58
2018-05-12 02:25:00,10560.35,10566.5,10559.8,10565.35,10566.58,7.38,10562.63
2018-05-12 02:30:00,10565.45,10566.6,10562.8,10564.8,10566.58,6.87,10563.3
2018-05-12 02:35:00,10564.8,10570.0,10563.95,10568.55,10566.58,6.75,10566.78
2018-05-12 02:40:00,10568.55,10569.0,10564.0,10564.0,10562.91,6.5,10566.71
2018-05-12 02:45:00,10564.0,10569.0,10563.15,10567.05,10562.91,6.41,10566.47
2018-05-12 02:50:00,10567.05,10569.5,10565.15,10569.5,10562.91,6.12,10568.36
2018-05-12 02:55:00,10569.5,10572.85,10565.95,10572.8,10564.25,6.23,10570.82
2018-05-12 03:00:00,10572.25,10575.0,10569.9,10572.0,10567.9,6.07,10573.42
2018-05-12 03:05:00,10572.0,10574.0,10571.85,10573.1,10567.9,5.51,10573.81
2018-05-12 03:10:00,10573.1,10574.5,10567.5,10568.4,10568.88,5.72,10570.78
2018-05-12 03:15:00,10568.3,10569.0,10564.6,10566.35,10571.9,5.53,10567.23
2018-05-12 03:20:00,10566.35,10573.35,10564.9,10571.3,10570.58,5.95,10568.6
2018-05-12 03:25:00,10571.3,10573.65,10569.55,10570.65,10567.03,5.69,10569.56
2018-05-12 03:30:00,10570.65,10574.4,10570.0,10574.25,10567.03,5.51,10573.39
2018-05-12 03:35:00,10574.25,10575.0,10570.55,10570.55,10569.67,5.36,10573.13
2018-05-12 03:40:00,10570.55,10575.9,10570.0,10572.9,10569.67,5.44,10572.55
2018-05-12 03:45:00,10572.9,10572.9,10569.0,10569.5,10569.67,5.22,10571.14
2018-05-12 03:50:00,10569.5,10570.95,10565.5,10566.0,10565.73,5.25,10567.13
2018-05-12 03:55:00,10567.0,10572.4,10564.5,10568.2,10565.73,5.63,10567.53
2018-05-12 04:00:00,10568.2,10575.0,10567.0,10575.0,10565.73,5.97,10570.6
2018-05-12 04:05:00,10575.0,10575.0,10570.9,10573.1,10569.88,5.7,10573.6
2018-05-12 04:10:00,10573.35,10575.0,10569.3,10575.0,10569.88,5.7,10576.04
2018-05-12 04:15:00,10574.75,10575.3,10568.45,10568.5,10570.07,5.86,10572.08
2018-05-12 04:20:00,10568.7,10569.0,10566.0,10566.45,10572.95,5.45,10567.27
2018-05-12 04:25:00,10566.45,10569.8,10564.7,10565.5,10571.12,5.4,10564.96
2018-05-12 04:30:00,10566.0,10569.4,10563.0,10567.25,10570.2,5.54,10564.84
2018-05-12 04:35:00,10567.25,10570.0,10565.8,10566.55,10570.2,5.35,10566.23
2018-05-12 04:40:00,10566.55,10569.25,10564.3,10569.1,10570.2,5.29,10568.24
2018-05-12 04:45:00,10569.35,10580.0,10569.35,10577.05,10570.2,6.09,10574.08
2018-05-12 04:50:00,10577.0,10581.55,10575.15,10579.25,10572.22,6.13,10578.74
2018-05-12 04:55:00,10579.25,10587.2,10576.95,10585.5,10575.36,6.72,10585.1
2018-05-12 05:00:00,10585.1,10588.9,10584.35,10585.8,10580.7,6.41,10587.71
2018-05-12 05:05:00,10586.0,10591.1,10585.0,10585.1,10581.68,6.37,10587.04
2018-05-12 05:10:00,10585.1,10588.0,10581.0,10587.85,10581.68,6.46,10588.06
2018-05-12 05:15:00,10587.8,10588.8,10584.1,10586.1,10582.26,6.21,10586.72
2018-05-12 05:20:00,10586.1,10589.0,10583.05,10587.0,10582.26,6.17,10587.05
2018-05-12 05:25:00,10587.0,10590.3,10586.0,10590.05,10582.26,5.9,10589.03
2018-05-12 05:30:00,10590.05,10594.4,10588.0,10594.05,10585.23,5.97,10592.49
2018-05-12 05:35:00,10594.05,10596.55,10589.1,10590.15,10588.93,6.18,10592.5
2018-05-12 05:40:00,10590.15,10592.0,10573.6,10581.0,10588.93,7.93,10585.53
2018-05-12 05:45:00,10580.1,10580.1,10565.0,10573.0,10581.63,9.08,10575.02
2018-05-12 05:50:00,10572.8,10579.9,10568.6,10570.1,10579.32,9.4,10568.23
2018-05-12 05:55:00,10571.85,10573.1,10554.0,10560.9,10574.28,10.79,10561.12
2018-05-12 06:00:00,10560.2,10568.0,10556.0,10556.0,10569.55,10.89,10556.08
2018-05-12 06:05:00,10556.0,10566.95,10555.0,10556.85,10564.98,11.04,10554.09
2018-05-12 06:10:00,10556.85,10565.0,10556.85,10563.0,10564.98,10.63,10557.72
2018-05-12 06:15:00,10563.05,10568.6,10563.0,10567.0,10564.98,9.91,10564.38
2018-05-12 06:20:00,10567.0,10572.7,10563.0,10568.1,10558.6,9.88,10569.06
2018-05-12 06:25:00,10569.75,10569.75,10564.0,10567.85,10561.05,9.29,10569.98
2018-05-12 06:30:00,10567.85,10568.05,10549.45,10553.05,10561.05,10.62,10559.96
2018-05-12 06:35:00,10553.1,10553.95,10540.0,10549.9,10558.08,11.1,10551.33
2018-05-12 06:40:00,10550.8,10552.7,10542.0,10549.15,10557.3,11.04,10546.44
2018-05-12 06:45:00,10549.6,10550.5,10545.0,10546.35,10557.3,10.25,10543.88
2018-05-12 06:50:00,10545.75,10547.1,10523.0,10523.95,10547.28,12.23,10532.1
2018-05-12 06:55:00,10522.9,10530.0,10520.2,10528.75,10533.07,11.88,10526.09
2018-05-12 07:00:00,10529.0,10536.95,10526.3,10533.2,10533.07,11.7,10526.71
2018-05-12 07:05:00,10533.25,10546.9,10533.25,10542.25,10528.09,11.99,10535.11
2018-05-12 07:10:00,10541.8,10554.45,10541.7,10553.1,10535.98,12.1,10551.09
2018-05-12 07:15:00,10553.1,10555.0,10551.9,10554.9,10543.41,10.81,10556.79
