2018-05-13 18:25:00,10540.0,10547.0,10535.0,10535.0,10541.0,0,None
2018-05-13 18:30:00,10535.0,10538.0,10528.45,10528.8,10533.225,0,None
2018-05-13 18:35:00,10529.0,10535.8,10525.2,10535.45,10530.5,0,None
2018-05-13 18:40:00,10535.45,10541.45,10535.0,10537.95,10538.225,0,None
2018-05-13 18:45:00,10537.9,10546.4,10534.3,10545.85,10540.349999999999,0,10542.36
2018-05-13 18:50:00,10545.85,10549.1,10543.5,10546.95,10546.3,0,10548.04
2018-05-13 18:55:00,10546.95,10549.45,10540.6,10541.0,10555.06,9.31,10545.46
2018-05-13 19:00:00,10541.0,10548.0,10539.25,10546.05,10555.06,9.23,10545.83
2018-05-13 19:05:00,10546.05,10548.15,10544.15,10546.7,10555.06,8.48,10545.53
2018-05-13 19:10:00,10546.7,10549.0,10542.0,10547.2,10555.06,8.27,10546.85
2018-05-13 19:15:00,10547.15,10554.45,10545.55,10551.5,10555.06,8.36,10550.92
2018-05-13 19:20:00,10551.55,10554.1,10548.0,10549.15,10555.06,8.04,10550.32
2018-05-13 19:25:00,10549.15,10549.75,10544.0,10545.0,10555.06,7.71,10547.62
2018-05-13 19:30:00,10544.0,10547.65,10540.6,10542.1,10555.06,7.62,10543.26
2018-05-13 19:35:00,10542.1,10550.05,10542.0,10548.95,10555.06,7.68,10545.18
2018-05-13 19:40:00,10548.75,10554.6,10548.75,10552.75,10555.06,7.42,10549.37
2018-05-13 19:45:00,10552.85,10552.85,10544.15,10546.55,10555.06,7.6,10549.82
2018-05-13 19:50:00,10546.4,10548.0,10538.2,10538.2,10555.06,7.91,10543.73
2018-05-13 19:55:00,10538.3,10545.75,10537.55,10545.1,10548.27,7.95,10541.8
2018-05-13 20:00:00,10545.1,10551.0,10543.5,10544.0,10548.27,7.89,10541.53
2018-05-13 20:05:00,10544.0,10546.0,10537.3,10538.9,10548.27,8.01,10540.17
2018-05-13 20:10:00,10538.95,10542.4,10536.6,10538.35,10548.27,7.69,10539.64
2018-05-13 20:15:00,10538.35,10539.0,10530.4,10532.4,10548.27,7.82,10533.54
2018-05-13 20:20:00,10532.9,10537.9,10531.45,10535.85,10541.5,7.62,10532.8
2018-05-13 20:25:00,10535.85,10538.0,10532.0,10533.05,10541.5,7.39,10532.87
2018-05-13 20:30:00,10533.05,10533.8,10527.45,10533.1,10541.5,7.24,10532.28
2018-05-13 20:35:00,10533.1,10536.0,10525.0,10525.9,10541.5,7.78,10528.37
2018-05-13 20:40:00,10524.5,10526.45,10518.2,10521.0,10534.63,7.85,10522.38
2018-05-13 20:45:00,10521.4,10528.0,10518.95,10524.9,10527.75,8.02,10521.91
2018-05-13 20:50:00,10524.2,10530.0,10522.55,10522.85,10527.75,7.94,10521.91
2018-05-13 20:55:00,10522.85,10532.1,10522.0,10527.2,10527.75,8.25,10525.83
2018-05-13 21:00:00,10527.0,10530.0,10522.0,10528.0,10519.5,8.21,10528.05
2018-05-13 21:05:00,10528.0,10530.0,10523.05,10524.25,10519.5,8.03,10526.15
2018-05-13 21:10:00,10524.15,10526.0,10513.1,10515.9,10519.5,8.73,10520.27
2018-05-13 21:15:00,10515.0,10525.1,10514.9,10522.0,10528.23,8.94,10517.77
2018-05-13 21:20:00,10522.0,10525.0,10517.0,10523.0,10528.23,8.81,10520.18
2018-05-13 21:25:00,10523.0,10526.2,10517.0,10519.0,10528.23,8.87,10520.06
2018-05-13 21:30:00,10519.0,10525.8,10518.0,10523.85,10528.23,8.72,10522.82
2018-05-13 21:35:00,10522.25,10524.5,10506.1,10511.85,10528.23,10.1,10515.69
2018-05-13 21:40:00,10511.8,10516.95,10506.1,10508.3,10528.23,10.21,10509.89
2018-05-13 21:45:00,10508.3,10513.0,10501.5,10503.8,10519.48,10.39,10504.17
2018-05-13 21:50:00,10503.9,10516.4,10501.1,10516.3,10519.48,11.09,10508.04
2018-05-13 21:55:00,10516.3,10518.85,10511.0,10517.0,10519.48,10.63,10515.11
2018-05-13 22:00:00,10517.0,10517.0,10511.0,10517.0,10519.48,9.97,10518.6
2018-05-13 22:05:00,10516.8,10522.0,10515.0,10519.5,10519.48,9.55,10520.96
2018-05-13 22:10:00,10519.5,10522.0,10516.9,10520.0,10511.29,8.91,10519.94
2018-05-13 22:15:00,10520.0,10523.4,10518.7,10519.7,10511.29,8.31,10520.2
2018-05-13 22:20:00,10519.95,10528.95,10519.8,10526.65,10511.29,8.44,10525.28
2018-05-13 22:25:00,10527.9,10535.0,10525.0,10531.0,10518.7,8.66,10528.91
2018-05-13 22:30:00,10531.2,10541.6,10530.75,10537.95,10518.7,8.97,10536.5
2018-05-13 22:35:00,10538.1,10543.55,10535.5,10537.0,10526.41,8.84,10539.64
2018-05-13 22:40:00,10537.0,10538.0,10534.0,10536.45,10526.41,8.15,10538.93
2018-05-13 22:45:00,10536.45,10542.25,10534.4,10536.4,10526.41,8.11,10537.62
2018-05-13 22:50:00,10536.25,10537.05,10530.65,10532.95,10526.41,7.87,10534.03
2018-05-13 22:55:00,10532.95,10542.9,10532.2,10541.0,10526.41,8.27,10536.79
2018-05-13 23:00:00,10540.05,10547.95,10538.35,10547.95,10526.41,8.45,10543.9
2018-05-13 23:05:00,10547.95,10547.95,10540.5,10544.05,10533.65,8.31,10547.07
2018-05-13 23:10:00,10544.05,10547.5,10542.15,10544.5,10533.65,7.89,10547.32
2018-05-13 23:15:00,10544.25,10550.0,10543.75,10546.8,10533.65,7.66,10546.49
2018-05-13 23:20:00,10547.0,10554.0,10546.8,10550.1,10540.24,7.59,10548.09
2018-05-13 23:25:00,10550.1,10558.25,10548.5,10556.9,10540.24,7.9,10554.22
2018-05-13 23:30:00,10557.0,10564.0,10552.9,10554.5,10547.03,8.36,10558.08
2018-05-13 23:35:00,10554.5,10564.0,10554.2,10559.1,10547.03,8.57,None
2018-05-13 23:40:00,10559.05,10564.8,10556.45,10563.2,10547.03,8.54,None
2018-05-13 23:45:00,10562.25,10568.0,10560.3,10562.05,10554.49,8.42,None
2018-05-13 23:50:00,10562.3,10563.0,10552.1,10558.0,10554.49,8.77,None
2018-05-13 23:55:00,10558.75,10558.75,10551.0,10557.0,10554.49,8.62,None
2018-05-14 00:00:00,10556.85,10562.8,10555.0,10562.7,10554.49,8.5,None
2018-05-14 00:05:00,10561.55,10561.75,10554.1,10554.45,10554.49,8.51,None
2018-05-14 00:10:00,10553.2,10553.2,10544.0,10544.0,10563.0,8.71,None
2018-05-14 00:15:00,10543.6,10550.7,10543.6,10549.75,10555.48,8.48,None
2018-05-14 00:20:00,10549.5,10550.0,10548.0,10548.8,10555.48,7.55,None
